## htsjdk.samtools.metrics.StringHeader
# picard.analysis.CollectInsertSizeMetrics HISTOGRAM_FILE=06_QC/insertSizeHistogram.pdf INPUT=01_Alignment/690_12.sorted.rg.markDup.realigned.baseQreCali.bam OUTPUT=06_QC/insertSizeMetrics.txt TMP_DIR=[/illumina/runs_diag/pipeline/tmp] VALIDATION_STRINGENCY=LENIENT    DEVIATIONS=10.0 MINIMUM_PCT=0.05 METRIC_ACCUMULATION_LEVEL=[ALL_READS] ASSUME_SORTED=true STOP_AFTER=0 VERBOSITY=INFO QUIET=false COMPRESSION_LEVEL=5 MAX_RECORDS_IN_RAM=500000 CREATE_INDEX=false CREATE_MD5_FILE=false GA4GH_CLIENT_SECRETS=client_secrets.json
## htsjdk.samtools.metrics.StringHeader
# Started on: Sat Jul 16 18:32:40 CEST 2016

## METRICS CLASS	picard.analysis.InsertSizeMetrics
MEDIAN_INSERT_SIZE	MEDIAN_ABSOLUTE_DEVIATION	MIN_INSERT_SIZE	MAX_INSERT_SIZE	MEAN_INSERT_SIZE	STANDARD_DEVIATION	READ_PAIRS	PAIR_ORIENTATION	WIDTH_OF_10_PERCENT	WIDTH_OF_20_PERCENT	WIDTH_OF_30_PERCENT	WIDTH_OF_40_PERCENT	WIDTH_OF_50_PERCENT	WIDTH_OF_60_PERCENT	WIDTH_OF_70_PERCENT	WIDTH_OF_80_PERCENT	WIDTH_OF_90_PERCENT	WIDTH_OF_99_PERCENT	SAMPLE	LIBRARY	READ_GROUP
230	75	2	243081797	244.031654	109.300752	36818906	FR	31	59	89	119	151	187	225	277	351	607			

## HISTOGRAM	java.lang.Integer
insert_size	All_Reads.fr_count
2	143
3	144
4	220
5	122
6	121
7	143
8	158
9	1404
10	272
11	173
12	151
13	147
14	241
15	169
16	154
17	185
18	199
19	2497
20	2678
21	2178
22	1688
23	1681
24	1422
25	1354
26	1597
27	2396
28	2650
29	2905
30	3769
31	4260
32	4655
33	5115
34	5830
35	7259
36	10135
37	13461
38	14866
39	16654
40	16019
41	16904
42	17275
43	17929
44	18960
45	19618
46	20129
47	21143
48	22375
49	23699
50	23823
51	24237
52	25083
53	25914
54	27080
55	27093
56	28396
57	30021
58	30620
59	32028
60	32608
61	32536
62	33723
63	33852
64	36386
65	36507
66	37324
67	38256
68	39207
69	41595
70	42384
71	42719
72	43811
73	44150
74	44970
75	45473
76	46438
77	48257
78	49428
79	50788
80	51375
81	52501
82	52766
83	53693
84	54581
85	54832
86	55878
87	57271
88	58841
89	60965
90	61321
91	62071
92	62660
93	63970
94	64649
95	65765
96	66032
97	67280
98	68153
99	70413
100	72297
101	72669
102	74021
103	74860
104	75826
105	77459
106	77363
107	78403
108	80140
109	81503
110	83673
111	85133
112	86630
113	87093
114	88388
115	88988
116	89620
117	91281
118	92465
119	94307
120	96257
121	96564
122	98267
123	100324
124	101633
125	102831
126	103079
127	103675
128	104511
129	107187
130	108318
131	109969
132	111050
133	112691
134	114037
135	114498
136	114491
137	114907
138	116022
139	117344
140	117799
141	119587
142	121355
143	122148
144	123477
145	123662
146	124261
147	124329
148	125897
149	126752
150	126919
151	127783
152	129069
153	129520
154	130616
155	130913
156	131561
157	131147
158	132789
159	132810
160	132330
161	133139
162	133126
163	133526
164	134373
165	135197
166	135286
167	135114
168	135607
169	135199
170	135656
171	135595
172	135463
173	136411
174	137088
175	137579
176	137207
177	136706
178	136554
179	136792
180	136872
181	136543
182	136187
183	136733
184	137196
185	136190
186	137743
187	136943
188	136795
189	136232
190	136531
191	135968
192	135370
193	135671
194	136314
195	135907
196	135825
197	135681
198	135567
199	134986
200	135395
201	134270
202	134398
203	133537
204	134056
205	133792
206	134117
207	133033
208	133472
209	132915
210	132453
211	131731
212	131291
213	131532
214	131763
215	131388
216	130328
217	130600
218	129837
219	129858
220	129763
221	129243
222	128240
223	128021
224	128362
225	128538
226	127770
227	127950
228	127343
229	126525
230	126363
231	125760
232	126048
233	125157
234	125134
235	124776
236	123992
237	124074
238	123943
239	124084
240	122877
241	122457
242	121827
243	122343
244	121474
245	120574
246	119819
247	120362
248	119124
249	119935
250	119263
251	119229
252	117846
253	117704
254	118081
255	116340
256	116246
257	114811
258	114864
259	115139
260	114166
261	115579
262	113770
263	113653
264	112850
265	111869
266	111877
267	111230
268	111389
269	111054
270	110621
271	110291
272	109383
273	108735
274	109005
275	107448
276	107229
277	106437
278	106213
279	106643
280	105863
281	105809
282	105822
283	104573
284	103936
285	103316
286	102801
287	102102
288	101732
289	101831
290	101321
291	100464
292	100310
293	99559
294	98510
295	98718
296	97977
297	97635
298	96738
299	95798
300	95907
301	95778
302	95079
303	94570
304	94014
305	93905
306	92750
307	92362
308	92093
309	92069
310	91106
311	90480
312	90292
313	89095
314	89494
315	89389
316	88469
317	87693
318	86743
319	86826
320	86026
321	85576
322	86087
323	84683
324	85396
325	83872
326	84105
327	82682
328	82215
329	81973
330	81274
331	80528
332	80180
333	80202
334	78859
335	79184
336	77513
337	77782
338	77009
339	76532
340	76424
341	75766
342	74470
343	75122
344	74157
345	74045
346	73184
347	72732
348	72160
349	71522
350	71228
351	71594
352	70117
353	69993
354	69242
355	68564
356	68125
357	68012
358	67532
359	67033
360	66208
361	65966
362	65039
363	63978
364	63461
365	63825
366	63389
367	62187
368	62191
369	61092
370	60632
371	60442
372	60168
373	59734
374	58642
375	58170
376	58001
377	57540
378	57019
379	56354
380	55910
381	55819
382	55381
383	54957
384	54191
385	53395
386	53388
387	53033
388	52507
389	51522
390	51304
391	50950
392	50606
393	49741
394	49445
395	49034
396	48435
397	47992
398	47601
399	47598
400	46835
401	46526
402	45626
403	45878
404	44773
405	44582
406	44126
407	43710
408	43267
409	42453
410	42490
411	42177
412	41950
413	40814
414	40799
415	40212
416	39584
417	39493
418	38538
419	38422
420	37971
421	38179
422	37212
423	37250
424	36832
425	36037
426	35546
427	35387
428	35357
429	34793
430	34644
431	33667
432	33466
433	33129
434	32748
435	32220
436	32197
437	31351
438	31078
439	30675
440	30449
441	29817
442	29361
443	29090
444	28929
445	28470
446	28287
447	27866
448	27655
449	27616
450	27045
451	26474
452	25768
453	25792
454	25421
455	25059
456	24982
457	24720
458	23934
459	23917
460	23578
461	23073
462	22875
463	22367
464	22019
465	21972
466	21557
467	21292
468	20779
469	20718
470	20358
471	20188
472	19808
473	19427
474	19262
475	19012
476	18866
477	18538
478	18098
479	17921
480	17650
481	17296
482	17136
483	17109
484	16708
485	16299
486	16115
487	15870
488	15748
489	15318
490	15158
491	14898
492	14711
493	14496
494	14436
495	14016
496	13802
497	13429
498	13209
499	13033
500	13009
501	12553
502	12517
503	12192
504	12223
505	11982
506	11724
507	11532
508	11432
509	11241
510	10918
511	10667
512	10527
513	10384
514	10380
515	10170
516	9771
517	9712
518	9477
519	9294
520	9158
521	9149
522	8858
523	8787
524	8648
525	8348
526	8461
527	8034
528	8114
529	7770
530	7690
531	7632
532	7704
533	7387
534	7354
535	6957
536	6784
537	6768
538	6681
539	6495
540	6314
541	6269
542	6099
543	6110
544	5812
545	5742
546	5646
547	5628
548	5460
549	5482
550	5307
551	5165
552	5090
553	4928
554	4796
555	4873
556	4631
557	4452
558	4340
559	4368
560	4319
561	4205
562	4022
563	4031
564	4008
565	3885
566	3937
567	3708
568	3659
569	3472
570	3467
571	3311
572	3437
573	3195
574	3200
575	3169
576	3072
577	2966
578	2881
579	2840
580	2786
581	2752
582	2742
583	2650
584	2516
585	2479
586	2496
587	2301
588	2395
589	2300
590	2221
591	2164
592	2190
593	2124
594	2073
595	2072
596	1994
597	1987
598	1931
599	1826
600	1864
601	1776
602	1705
603	1704
604	1685
605	1645
606	1606
607	1666
608	1524
609	1500
610	1477
611	1362
612	1378
613	1384
614	1374
615	1255
616	1266
617	1244
618	1173
619	1160
620	1119
621	1110
622	1163
623	1138
624	1103
625	1056
626	953
627	1012
628	948
629	954
630	884
631	920
632	866
633	908
634	827
635	767
636	798
637	760
638	787
639	706
640	708
641	704
642	717
643	675
644	648
645	646
646	597
647	616
648	563
649	654
650	576
651	556
652	560
653	547
654	557
655	496
656	503
657	513
658	445
659	525
660	500
661	454
662	446
663	456
664	398
665	424
666	398
667	429
668	357
669	360
670	367
671	343
672	359
673	339
674	343
675	306
676	287
677	341
678	301
679	335
680	284
681	288
682	271
683	297
684	286
685	244
686	265
687	262
688	263
689	244
690	233
691	228
692	227
693	211
694	233
695	223
696	192
697	186
698	187
699	192
700	186
701	177
702	176
703	181
704	163
705	163
706	176
707	175
708	171
709	158
710	148
711	179
712	166
713	169
714	147
715	136
716	136
717	127
718	104
719	159
720	115
721	96
722	117
723	118
724	151
725	103
726	113
727	118
728	116
729	122
730	111
731	110
732	95
733	94
734	99
735	98
736	95
737	97
738	111
739	83
740	86
741	76
742	76
743	74
744	73
745	77
746	74
747	75
748	65
749	67
750	61
751	59
752	62
753	62
754	58
755	63
756	42
757	59
758	43
759	32
760	41
761	45
762	44
763	57
764	44
765	32
766	28
767	31
768	44
769	18
770	32
771	25
772	27
773	26
774	25
775	31
776	35
777	40
778	26
779	37
780	30
781	37
782	32
783	17
784	24
785	21
786	26
787	23
788	14
789	21
790	16
791	24
792	22
793	24
794	17
795	23
796	20
797	13
798	18
799	21
800	17
801	19
802	22
803	14
804	13
805	18
806	9
807	18
808	14
809	16
810	13
811	10
812	16
813	21
814	22
815	18
816	15
817	16
818	18
819	15
820	16
821	12
822	13
823	10
824	15
825	12
826	19
827	6
828	9
829	9
830	9
831	17
832	9
833	8
834	18
835	9
836	15
837	9
838	11
839	15
840	8
841	14
842	8
843	8
844	13
845	3
846	10
847	13
848	8
849	10
850	12
851	8
852	17
853	6
854	13
855	11
856	12
857	11
858	5
859	5
860	9
861	6
862	9
863	8
864	11
865	6
866	8
867	3
868	3
869	8
870	12
871	4
872	8
873	6
874	3
875	8
876	6
877	9
878	6
879	8
880	7
881	8
882	6
883	11
884	6
885	2
886	9
887	8
888	6
889	6
890	5
891	4
892	8
893	6
894	4
895	11
896	9
897	3
898	7
899	8
900	7
901	4
902	7
903	3
904	7
905	9
906	6
907	3
908	7
909	3
910	6
911	10
912	4
913	3
914	9
915	6
916	4
917	6
918	5
919	4
920	7
921	5
922	7
923	4
924	6
925	4
926	4
927	3
928	6
929	3
930	4
931	6
932	7
933	5
934	6
935	5
936	7
937	5
938	2
939	7
940	10
941	5
942	7
943	6
944	7
945	8
946	4
947	5
948	4
949	8
950	7
951	5
952	8
953	3
954	5
955	3
956	4
957	5
958	7
959	5
960	2
961	4
962	4
963	7
964	4
965	8
966	5
967	2
968	2
969	6
970	1
971	7
972	7
973	9
974	5
975	3
976	7
977	5
978	2
979	5
980	7

